-0.24548669,
0.13450393,
-0.0923638,
0.15569319,
0.15070109,
0.12604901,
0.23294269,
-0.2225023,
-0.3942806,
-0.13934852,
-0.27019274,
-0.08628907,
0.038309883,
0.18783124,
0.15741426,
-0.057625737,
-0.08165973,
0.20258121,
-0.17743939,
0.34613192,
-0.06987372,
0.26509783,
-0.2662648,
0.13584487,
0.1057907,
-0.22384164,
0.29192066,
-0.09787759,
0.14407301,
-0.21977542,
0.15383029,
0.14861031,

-0.009939193,
-0.095785774,
0.069939315,
0.29177198,
0.27939424,
0.2371284,
0.09129155,
0.18362495,
-0.061360177,
0.09579598,
-0.089932844,
-0.28596774,
0.3016694,
0.19000295,
-0.22761157,
0.13229631,
0.22847652,
-0.1657025,
0.3390589,
0.0572931,
-0.25806898,
-0.26004285,
0.343128,
0.2837852,
0.30874094,
-0.2763214,
-0.17120643,
0.29931733,
0.18636994,
0.043749392,
-0.14359729,
-0.07122034,

-0.1121321,
-0.21231909,
0.029031012,
-0.21306533,
0.055259738,
0.23155943,
0.3466219,
-0.04425249,
-0.09681887,
-0.23188233,
-0.028648958,
-0.009550984,
-0.12793274,
-0.10818447,
0.19705977,
-0.121069446,
0.17433758,
-0.123612724,
0.032195132,
0.35806596,
-0.0635821,
0.29570794,
-0.17895578,
-0.06566948,
0.21779133,
0.121080995,
-0.22553436,
0.0754371,
0.089092426,
0.22233288,
0.024776826,
0.32235563,

0.111888535,
0.28071523,
-0.19594567,
-0.060707547,
-0.056552183,
-0.038331937,
0.351077,
0.049562637,
-0.2397573,
-0.042794343,
-0.092200905,
-0.2897449,
0.1517996,
0.072125405,
-0.23491353,
-0.1034897,
-0.061598893,
0.08816282,
-0.2230293,
0.17179073,
0.13344596,
0.325978,
-0.03420006,
-0.33244082,
0.24753854,
-0.15534657,
-0.29939798,
-0.1993637,
0.07950373,
0.15339415,
0.26055393,
0.094980076,

-0.23799458,
0.28968057,
0.120296896,
0.115682,
0.09770256,
0.12257114,
0.14476219,
-0.12084308,
0.070468366,
0.2489045,
0.13474645,
-0.32492024,
0.056318123,
0.08850721,
-0.018867875,
-0.24217601,
-0.012473013,
0.11774623,
0.060804326,
0.16726276,
-0.39279222,
0.13989536,
0.28263253,
-0.23558155,
0.3509493,
0.24758531,
0.04604829,
-0.16582489,
-0.13969159,
0.24115047,
0.004418852,
-0.27262726,

0.22680084,
0.29168233,
-0.19682103,
-0.065614276,
-0.20877889,
-0.30584115,
0.25460407,
0.10403471,
0.016291311,
0.16421798,
-0.26697752,
0.094565034,
0.23305725,
0.22431852,
0.19389634,
-0.17256275,
-0.05182856,
-0.013627288,
0.2697042,
-0.20038843,
-0.0718215,
0.024409894,
0.08930941,
0.2643059,
-0.09013538,
-0.2024083,
-0.17389765,
0.2398338,
0.06750465,
-0.17160147,
-0.241754,
0.11029225,

0.14456257,
-0.08189219,
0.16039017,
-0.03890156,
-0.124389865,
0.3376779,
0.13770118,
-0.051620185,
-0.36802953,
-0.007935359,
0.1555543,
0.0005178789,
-0.042588484,
0.2212558,
-0.24436252,
0.2579779,
0.010106199,
-0.06524712,
0.1729741,
0.24992919,
-0.06928949,
-0.1472627,
-0.07683813,
0.15272127,
-0.2835156,
-0.118395485,
0.17040797,
0.17561078,
-0.2013957,
-0.14410457,
-0.24518664,
0.3294758,

-0.14006856,
0.20849457,
-0.33027777,
0.14202027,
0.036549773,
0.08644697,
0.18404451,
0.08764894,
-0.12665278,
0.21658504,
-0.1800777,
-0.14273039,
0.026035938,
0.2269038,
0.11319677,
0.0001389087,
0.16192071,
0.1059042,
0.09382492,
0.20747659,
-0.34062153,
0.014753039,
-0.11686574,
-0.21460274,
0.14835387,
0.07918167,
-0.072387226,
0.078136645,
0.23846759,
-0.017044751,
-0.24264781,
0.26873952,

-0.07369565,
0.064530104,
0.17647187,
0.06931266,
-0.048763048,
0.119362265,
0.21016861,
-0.3020122,
0.19036846,
-0.17855689,
0.24906212,
0.18678461,
-0.027378604,
-0.050266333,
-0.093466476,
-0.26431924,
-0.06774883,
0.11751559,
-0.28352243,
0.26153544,
-0.26802796,
0.13100043,
-0.22589822,
-0.17838149,
-0.18338571,
-0.2683785,
0.0041287937,
0.28200832,
-0.17193235,
0.29423377,
-0.11352533,
0.2910227,

0.021654537,
-0.15541907,
0.18707544,
-0.060438287,
0.19622548,
0.34780526,
-0.008781789,
-0.18785316,
-0.09768256,
0.19043986,
0.15567537,
-0.32836574,
-0.28224578,
-0.09356117,
0.22543676,
0.25437343,
0.022394346,
0.027602335,
0.08642122,
0.114829265,
-0.19535126,
-0.0154665345,
0.14033832,
-0.25095576,
-0.012374338,
0.14757457,
0.27496657,
-0.13039199,
0.2865109,
0.2978373,
0.14503944,
-0.087630324,

-0.2509935,
0.28507403,
0.0654583,
-0.17397614,
0.017340854,
0.100772984,
-0.10913888,
0.12882632,
0.29333195,
0.18630591,
0.016722314,
-0.07591472,
0.09109096,
0.175062,
0.15496477,
0.16806373,
0.26232603,
0.0082903225,
-0.2543013,
-0.16781068,
0.07990317,
-0.010030103,
0.259146,
0.19504918,
0.11177096,
0.25615576,
0.1863893,
0.046031054,
-0.14436485,
0.27589765,
0.210969,
-0.23874655,

0.20747237,
-0.18623835,
-0.057730228,
0.20840994,
0.027304282,
0.14246173,
0.30509204,
-0.27278396,
-0.010111365,
-0.13138083,
0.15802334,
-0.046683744,
-0.22998436,
-0.17206457,
0.04169128,
0.10328397,
0.14473388,
0.238673,
0.24578299,
0.13011172,
-0.15715985,
-0.17576765,
0.00554448,
0.09638511,
0.2881139,
0.3116361,
0.32451624,
-0.0048441873,
0.2655362,
0.29522195,
0.09708913,
0.18856086,

0.009499041,
0.2780241,
0.06617735,
-0.15036342,
-0.21090011,
0.102937415,
0.3272488,
-0.03229182,
-0.1632648,
-0.21202038,
-0.08285848,
0.15141779,
0.2885662,
0.2304538,
-0.27005127,
-0.111997806,
-0.096220605,
-0.03585501,
-0.11179408,
-0.05868396,
0.11633483,
0.17307845,
0.18095863,
-0.19144565,
-0.32137677,
-0.19525588,
-0.09242947,
0.020825772,
-0.17383902,
0.14161651,
-0.30791804,
0.32400423,

0.13841745,
-0.17568003,
-0.35217327,
0.28924388,
-0.11247055,
-0.013242268,
0.15628596,
0.1590996,
0.21472378,
0.021612793,
-0.20720398,
-0.05925738,
0.083071165,
0.22611488,
0.003479591,
-0.24601212,
-0.22516404,
-0.028977105,
0.15807578,
0.059291318,
-0.09427089,
0.08737438,
-0.20180091,
0.038870335,
0.040806193,
-0.14651054,
-0.00015228984,
-0.12426249,
-0.20085478,
-0.28663006,
-0.17880142,
-0.14659093,

-0.08389655,
-0.30195177,
-0.20650946,
0.10798329,
-0.26397514,
0.08461193,
0.063001655,
-0.21242532,
0.11322543,
0.11599122,
0.20633808,
0.15992786,
-0.012852449,
-0.090150915,
0.25833246,
0.12231202,
0.18386519,
0.27983594,
-0.00085243,
0.044378683,
-0.14417069,
0.16435245,
0.31441888,
0.1208602,
0.056298837,
0.14019638,
0.20919521,
0.32277954,
-0.18434477,
-0.1344191,
-0.20798813,
0.13055018,

-0.2744527,
0.05340836,
-0.17530069,
-0.045962296,
0.20790161,
-0.3260616,
0.35027298,
0.17534553,
-0.018426577,
0.25574532,
0.25976616,
0.021225745,
0.12645961,
0.23013474,
-0.29583877,
-0.06661044,
-0.11685851,
0.1342112,
0.21947774,
-0.013092723,
0.042773258,
-0.28671247,
-0.25386095,
0.29373443,
-0.2956351,
0.1772579,
0.27514744,
0.09146983,
-0.0962295,
-0.19470598,
0.030348787,
0.06652975,

0.23908472,
-0.2791895,
0.09551907,
-0.2546737,
-0.1319413,
-0.12282751,
-0.081334226,
0.17039208,
-0.07418613,
-0.26007777,
-0.24306893,
-0.28503942,
0.103324935,
-0.15236817,
0.30576688,
-0.022466203,
0.16770576,
-0.03878515,
-0.16506664,
-0.2856344,
0.06574886,
-0.09262871,
0.081240945,
0.08379914,
-0.33651915,
-0.0630663,
0.14758925,
-0.022132639,
0.0013561837,
0.1439537,
-0.28180474,
0.28661373,

-0.07813797,
0.12192453,
0.23908487,
-0.22353236,
-0.19985214,
0.03329378,
-0.15837952,
0.07539658,
0.14490625,
-0.13606393,
-0.33710667,
-0.14640099,
0.18798032,
0.08065946,
0.1001835,
-0.21696107,
0.19040397,
-0.14134943,
0.29489028,
-0.19175248,
0.25286493,
0.12503213,
-0.0051786974,
0.20325164,
0.24832468,
-0.13764241,
0.01813986,
-0.25144807,
0.23668523,
-0.11995877,
0.009650259,
0.24861299,

0.28457367,
0.19792391,
-0.17174995,
-0.13460316,
0.21507005,
-0.055461098,
0.030189084,
-0.034715023,
0.09296867,
0.11600323,
0.19984798,
0.035659544,
0.01687531,
0.27482635,
0.27471027,
0.2932958,
-0.1389414,
-0.18194506,
0.0390588,
-0.24179977,
-0.2652702,
0.23696175,
0.16888772,
0.17647105,
-0.11114294,
-0.26119676,
-0.07874649,
-0.29379082,
-0.19358787,
-0.07415884,
-0.030984696,
-0.18037975,

0.24433164,
-0.30372286,
0.042783502,
-0.2394183,
-0.01898184,
-0.1859902,
0.31231165,
0.20337616,
-0.27973112,
-0.27084047,
0.30182102,
-0.22698723,
-0.24214715,
-0.057230253,
-0.12546849,
0.056014538,
0.017331393,
0.12757665,
-0.11380575,
-0.08509106,
-0.09628426,
-0.006791956,
0.10404168,
-0.20470868,
0.008983132,
0.088878796,
0.27885514,
-0.21012285,
0.20359907,
0.20926951,
-0.140186,
0.18568677,

-0.013838031,
0.11272056,
-0.046756636,
0.21734202,
0.18225275,
-0.25888,
0.23692672,
-0.12688501,
-0.3228383,
-0.048281126,
0.038210798,
-0.065029114,
0.1925692,
0.0025569554,
0.05486209,
0.2185422,
-0.17835802,
0.3341831,
-0.21212564,
0.0133448355,
0.30367422,
-0.06481441,
-0.0035386058,
-0.20015852,
0.20823567,
0.105850436,
-0.021046592,
-0.06527696,
-0.27638316,
-0.24260798,
0.017130656,
-0.14899747,

0.3479973,
0.21467407,
0.07822021,
-0.0037644103,
-0.15026873,
-0.27339843,
-0.11670787,
-0.18611948,
0.25585097,
0.19467346,
-0.14810394,
-0.24569173,
0.16303371,
0.12720881,
-0.056141574,
0.22948,
-0.0996988,
-0.00058507343,
0.041213755,
0.058691375,
-0.09046418,
0.17117079,
-0.18410295,
-0.21520758,
-0.2978964,
-0.075762905,
0.24281786,
0.022338377,
-0.16496155,
-0.15673503,
-0.29834872,
-0.17991501,

-0.2616213,
-0.040512104,
-0.20505849,
-0.05389913,
-0.06483529,
0.28137028,
-0.18782179,
0.19783065,
0.009372837,
0.16326256,
-0.2635916,
0.13940203,
-0.1315511,
-0.1383145,
0.1851075,
0.22861612,
0.21681254,
0.34200358,
0.07052642,
0.31654915,
0.2234958,
-0.17897528,
0.028074155,
-0.14218405,
-0.1502898,
-0.13320209,
0.17319602,
0.3670032,
-0.17805944,
0.2430369,
0.19156368,
-0.298424,

0.27133954,
-0.016268529,
-0.19565673,
-0.2925832,
0.30592534,
-0.19659083,
0.092676274,
-0.02169402,
0.15210827,
0.09761031,
-0.15070021,
0.3216782,
-0.051386703,
0.07667921,
-0.05568154,
0.013900009,
0.20387226,
0.26874068,
0.26880983,
0.046314843,
-0.07967828,
0.24315381,
-0.21738158,
0.07130554,
-0.2727662,
-0.3288806,
-0.20542905,
-0.3174742,
0.13049354,
-0.08037731,
0.015520208,
0.33016273,

0.2503767,
0.24864182,
-0.24395406,
-0.03439837,
0.08652608,
-0.015934233,
0.16233933,
-0.056751553,
-0.10837995,
-0.29225448,
0.30090198,
0.13143288,
0.092009656,
0.17961346,
0.18259713,
0.043102477,
0.25370148,
0.117774606,
-0.37037468,
0.34543693,
0.042701785,
-0.16427062,
0.20886466,
-0.20946305,
0.031999946,
-0.00074628764,
-0.25812942,
-0.107702315,
-0.21252576,
0.16558021,
0.27620688,
0.14240015,

0.037620932,
-0.17441328,
0.1745565,
-0.069514915,
-0.24679074,
-0.13876577,
-0.22564356,
-0.25646544,
-0.27458534,
-0.2001124,
0.15934974,
0.0766184,
0.2712305,
-0.25616089,
-0.2412822,
0.23675653,
-0.30085513,
-0.11566675,
0.22116932,
0.23777089,
-0.1633821,
-0.046539754,
-0.20642573,
-0.21325514,
-0.052206248,
0.03001073,
-0.13890226,
-0.26887107,
-0.07591204,
0.0016382039,
-0.215835,
0.040132135,

0.2833405,
0.008910843,
0.27945483,
-0.21084584,
0.3016449,
0.2006812,
-0.03143736,
0.059015792,
-0.31380624,
-0.113673836,
0.22007476,
-0.13474165,
-0.15392023,
0.20347536,
-0.06246582,
-0.09817228,
-0.12631957,
-0.11597277,
0.053865023,
0.27966344,
0.29692838,
0.127781,
-0.20291592,
-0.15231422,
-0.059090532,
-0.164162,
-0.2308234,
-0.117754415,
-0.2553216,
-0.0037919732,
-0.2570966,
0.30061463,

-0.19777568,
0.13902648,
-0.13963003,
-0.2862504,
0.045371786,
-0.15253979,
0.20686041,
0.103415504,
0.11674173,
0.08711643,
-0.09901052,
-0.17567323,
0.11017868,
-0.17612095,
-0.07740745,
-0.25134313,
-0.26425192,
0.16640015,
-0.25424117,
-0.30983707,
0.3205551,
0.16311137,
-0.05533786,
0.2915503,
-0.015781583,
-0.1141707,
0.2430453,
0.27481803,
-0.34187955,
0.31221446,
0.09022211,
-0.026329992,

0.21066023,
0.1977121,
-0.10764354,
0.19446343,
0.06370479,
-0.19913633,
-0.102358624,
0.27114132,
-0.18370901,
0.2707723,
-0.08350449,
-0.2396184,
-0.23984472,
0.28469527,
-0.25357828,
-0.041663073,
-0.0031831602,
0.02536059,
-0.20226714,
-0.051393792,
-0.20493667,
-0.13368146,
0.08499812,
-0.090367205,
-0.37144414,
0.22759959,
-0.29814154,
-0.25686422,
0.34872293,
-0.16955847,
-0.1777167,
0.29561678,

-0.1715083,
0.10352574,
0.3113194,
-0.26020774,
-0.010899607,
0.25068772,
-0.24575527,
0.059601042,
0.17527269,
-0.030351214,
-0.25046694,
0.19575916,
-0.1403182,
0.021990048,
0.01397492,
-0.15633167,
-0.203478,
0.20774135,
0.2590927,
0.17509688,
0.055290464,
0.25694212,
-0.1893123,
0.21091647,
-0.27358067,
-0.19680293,
0.3054593,
0.037931472,
-0.3030446,
0.31446266,
-0.18257754,
-0.29216903,

0.30567476,
-0.12995371,
0.12138561,
-0.09751159,
-0.036599316,
-0.082336105,
0.1629079,
0.19041568,
-0.18964794,
0.054709326,
0.09860959,
-0.032577246,
0.028701294,
-0.21330343,
-0.22307889,
-0.2570067,
-0.18409254,
-0.1316948,
-0.16408207,
0.23184144,
-0.24484874,
0.10503258,
-0.12551898,
-0.11711199,
0.22656551,
-0.21530549,
0.11572675,
0.29778036,
-0.15987597,
0.26895836,
0.2337433,
0.17285642,

0.2392924,
0.38767332,
-0.16974664,
0.13728684,
0.28677168,
0.118246295,
0.068764426,
0.23267062,
0.25647476,
-0.28745013,
0.37337634,
0.07264668,
0.26025602,
0.094731785,
-0.27605265,
0.20845948,
-0.117258355,
-0.04153068,
-0.11812145,
0.31989333,
0.2614135,
-0.140706,
-0.28255108,
-0.11134883,
-0.06545269,
-0.14206767,
-0.3095545,
-0.021925267,
-0.3321355,
0.041803535,
-0.18539423,
-0.24490921,
