-0.08470052,0.05934786,-0.050275564,-0.038107816,0.11786093,
-0.0008210946,0.047585696,0.11162559,0.096095234,0.04420161,
0.17018712,0.08464423,-0.10158391,-0.06798417,0.14122579,
-0.101382494,-0.13242705,0.03632702,-0.022911357,0.055586703,
0.02660895,-0.13754335,0.11253293,0.03485497,-0.08827368,
-0.087771155,-0.039142825,-0.10512881,0.055423398,-0.0030218104,
0.05958539,-0.12844984,-0.007812137,0.016141513,-0.028458912,
0.05063838,-0.07540831,0.12590268,-0.00581162,0.05045678,
-0.09474452,0.13827473,0.16842683,0.1560669,0.15975593,
-0.025439858,0.018099757,-0.06547042,-0.12734269,-0.0112964185,
-0.00671272,-0.012414412,0.03229841,0.09700507,0.062273737,
0.02424153,0.029730443,0.004833077,0.05260988,-0.08798388,
0.017781863,0.10722012,0.12766135,0.12686864,0.04050423,
0.10582193,-0.046740346,-0.16402164,-0.07055349,0.002367466,
-0.044486754,0.061179847,0.05391849,-0.10195543,0.026099242,
0.15251784,0.13506724,-0.11264803,-0.033874568,-0.03277642,
-0.08821808,-0.12828812,-0.062481288,0.081852056,0.0067781033,
0.076620825,-0.09620656,0.15396091,0.13523066,0.090233415,
-0.07274427,0.11955573,-0.006607519,0.11429107,0.114829525,
-0.012689116,-0.042299032,-0.030770749,-0.0043825526,-0.09845647,
-0.011732116,-0.16982573,0.031235415,0.16324762,-0.0066000326,
-0.18127878,-0.05224099,0.014948677,-0.09170474,0.035271,
0.0573065,0.09549234,0.014034621,0.048531275,-0.057292856,
-0.012599599,0.026625453,0.025685947,0.10726668,0.047621507,
0.062694475,0.005923456,0.0688253,0.08034999,-0.02745226,
-0.14160371,0.0033494525,-0.031422384,-0.0893449,-0.03217104,
0.012327744,-0.11148902,0.051963836,-0.08340632,-0.08650322,
-0.03734705,0.13174342,0.13586408,-0.089136824,0.113101654,
0.22248784,-0.008177787,-0.023309723,0.11515011,0.085993074,
0.16072065,-0.069606125,0.10831286,-0.17341152,-0.088518366,
0.08273961,0.07803519,0.11728245,0.1365387,-0.020040974,
-0.003354666,0.04767297,-0.0706031,-0.019985696,-0.15721431,


0.093725465,0.014575936,-0.091535784,0.07434894,0.022863368,
0.09067773,0.0729652,-0.027593596,-0.0133387735,0.008464454,
-0.09132709,-0.05397956,-0.052852273,-0.13588314,-0.055533405,
0.08760034,0.01587633,0.049079865,0.016974924,-0.0315377,
-0.186423,0.017664906,-0.054095592,-0.047783162,0.026103577,
0.099581584,-0.000544162,-0.043044236,0.053223964,-0.01903416,
0.04626454,-0.14812759,0.09654131,-0.052866217,0.09564259,
0.14844808,0.111284085,-0.07771676,0.12729256,-0.11525888,
0.044702176,-0.09215175,0.10630321,0.12509309,0.020441411,
0.13001926,-0.002538384,-0.08122371,-0.10972622,0.0014616164,
0.07128073,-0.015794719,-0.11454888,0.0060250447,-0.043656774,
0.02569797,-0.09813919,0.109600626,0.051634997,-0.08010398,
-0.051452473,0.09924841,-0.08922491,0.104971744,-0.11646787,
-0.0027658653,-0.09045851,0.077034585,-0.041731827,-0.11536829,
0.11407144,-0.12837777,-0.048587706,0.06685533,-0.12829666,
-0.09371541,0.09135316,0.07073668,0.11293026,-0.06415011,
0.09496714,-0.030802857,0.026650747,0.019600702,0.10661529,
0.033539996,-0.12218988,-0.025584765,0.094038464,-0.009286268,
0.00056264683,-0.13865717,0.09711027,-0.09133946,-0.02960645,
0.11389471,0.100083016,0.10036462,0.019303927,0.0650891,
-0.099682234,-0.14532049,0.10593796,-0.14310364,0.037764642,
0.050578423,0.083928935,-0.08674018,-0.0052149654,0.032893762,
-0.18247789,-0.043030154,-0.008406171,-0.019171769,0.098924786,
0.09800369,-0.040279154,-0.1764406,0.070917815,-0.15680853,
0.014253616,0.07816149,0.096585624,0.08449562,0.083060615,
0.14005087,-0.085734464,0.11872317,-0.018246522,0.05920017,
-0.051782586,-0.010682277,-0.078765385,-0.049823105,-0.072821945,
0.050265282,-0.00039222214,-0.10174194,0.12401874,0.12549394,
0.12783806,0.11347159,0.13080259,0.13746707,-0.06590916,
-0.08697428,0.14535712,-0.0044599483,0.11265014,0.07558618,
-0.036235023,-0.06494194,0.031129213,-0.040074456,-0.07537971,
-0.10738536,-0.12058791,-0.086508274,0.033389073,-0.004919033,


0.11315503,-0.11402999,-0.07568051,-0.11901451,0.11098053,
0.09798786,0.10327236,0.002986114,0.06873206,-0.011665288,
0.13379665,0.03676592,0.14645283,0.015334295,-0.11459924,
0.014295389,0.12272741,-0.01794437,0.106402576,-0.1545146,
-0.109837726,0.106139936,-0.0060242014,0.14830486,0.004781367,
-0.027580151,-0.04089641,0.016964717,0.04224466,0.08700767,
-0.09612077,0.12097994,0.034189276,-0.08140341,-0.08846414,
0.0018148595,0.046063814,0.06319448,-0.030692156,0.080260806,
0.056957137,-0.11049453,0.115822375,-0.0006647398,0.04067917,
-0.027587464,0.04933983,0.041218862,-0.10486647,-0.008341628,
0.07643868,0.06847934,-0.0604373,0.11231061,-0.06633444,
0.00848139,-0.05471316,0.08575066,-0.042495802,-0.020592619,
-0.05602733,-0.11448409,-0.05234089,0.0073883273,-0.07317539,
0.090882674,-0.03910522,-0.08032252,-0.033380993,-0.076957494,
-0.048827294,0.10353046,-0.11354832,-0.023751898,-0.15166926,
0.086384855,-0.086601205,-0.023646843,0.050414715,-0.13418625,
-0.06555226,0.012477889,-0.10113106,0.058896005,0.096048556,
-0.10226819,-0.018278016,-0.011292981,0.106194705,-0.18640184,
0.14854394,0.10825682,0.17619379,-0.029954603,-0.051218554,
-0.10502655,0.14944708,0.13811164,-0.11181369,0.10932382,
0.10548416,-0.116169535,0.05767944,-0.008486725,-0.113722324,
-0.061358232,0.039672714,0.14957461,0.02286449,0.09260751,
0.03534993,0.04269492,0.074148245,0.0104405675,-0.014254077,
0.13037439,-0.11394646,0.11541467,-0.1024352,0.04902712,
-0.03767043,0.017324211,0.008984852,0.07670264,-0.13989827,
0.11232129,0.029972762,-0.10526821,0.10718465,-0.108272776,
-0.025983416,-0.014117128,-0.13389151,-0.02370532,0.037987042,
0.058879107,0.038445998,0.13903086,-0.032092143,-0.2142315,
0.019822603,-0.00129903,-0.09428884,0.02558038,-0.03615237,
-0.105802834,0.11637397,0.07657464,0.05707371,0.042421605,
-0.083295844,-0.020309644,-0.101714574,0.14105248,-0.03564652,
-0.04812208,-0.03790657,-0.0601494,-0.055691104,-0.03131117,


-0.06441301,-0.07421771,-0.18374942,-0.048227306,0.015664062,
0.097527266,0.060723603,0.05425896,0.046135608,-0.03131756,
-0.038669523,0.0744577,0.061640043,-0.047806013,-0.15193668,
0.13820976,-0.06478102,0.020796893,-0.17441338,0.0010486731,
-0.13713002,-0.090833016,0.010815619,0.009882754,-0.07767221,
0.043584336,0.16308172,0.08126601,0.14380637,-0.028991243,
0.078238204,0.06867499,-0.038522676,-0.11347559,-0.038540024,
-0.010002334,0.051816385,0.19627963,0.17099483,0.12863196,
0.033641372,0.109939925,-0.024363954,0.038097035,0.16625342,
-0.0016504936,0.20380159,-0.083463155,0.13334972,0.0551423,
-0.055044614,-0.06465636,0.036233038,-0.04316496,0.06566924,
-0.037875216,0.052049212,-0.030420545,0.16105142,0.08580546,
0.1443709,0.0033745952,0.16984071,0.05518289,0.15504989,
0.090631366,-0.010398763,-0.08662216,-0.0006841171,-0.08701943,
0.08804825,0.036640275,0.07241997,-0.030769205,0.13015768,
0.047407944,-0.07462665,0.014466243,-0.0012750918,0.1761102,
0.10640049,-0.016401961,-0.09649776,-0.074392416,-0.04102463,
-0.05192099,-0.12488251,0.12964076,-0.015696242,-0.0024444412,
0.058573034,0.014811496,-0.10626045,-0.025958618,0.012351952,
0.020210903,0.051675748,-0.07289619,0.0014165831,-0.10741337,
-0.028416911,-0.11783121,-0.04500883,-0.13368995,0.101926364,
0.061870504,-0.051188085,0.035116185,-0.04398945,-0.10513984,
-0.09481146,-0.05979817,-0.10835096,0.024463072,-0.030712087,
-0.10867762,-0.005791426,-0.021148272,0.05734857,-0.16510005,
0.085347205,0.026068928,0.13132879,0.0022634303,-0.050168477,
0.009062912,0.08622215,0.07530973,-0.14265509,0.08733313,
0.015967622,0.06479841,-0.10045879,-0.06332839,-0.1399001,
-0.06257198,-0.12435794,-0.04248606,0.05485257,0.016577525,
0.07816798,0.0926067,0.19014879,0.035037376,0.19050264,
-0.03747314,0.17932478,-0.051891148,-0.021564102,-0.017740026,
0.0088536395,-0.048438936,0.14667046,0.19050825,-0.05520056,
0.009171699,0.12017538,0.090216435,-0.057317823,0.0921416,


-0.14155959,-0.050235264,-0.023075331,0.07695103,-0.03882462,
0.103291996,-0.08700306,-0.05089802,0.08167148,0.07712434,
0.084298804,0.08314218,-0.1909397,-0.08645675,-0.05821334,
-0.08901671,-0.049889177,-0.15244445,-0.15347971,-0.09535893,
0.05957878,-0.15359147,0.063868165,-0.023113832,0.055618607,
0.09181879,0.1770451,0.17575274,0.07769142,-0.066046216,
-0.06819521,-0.12240042,-0.1408469,-0.141078,-0.067000486,
0.011361523,-0.025895223,0.062488936,-0.044088177,0.10887401,
-0.007813034,0.09794105,0.07422352,-0.01939862,-0.039572567,
-0.043217786,0.049614422,0.17066526,0.09542695,-0.10638529,
0.08039609,0.11133286,0.019690653,-0.004784966,0.0580749,
0.049935263,0.045610197,-0.017308958,0.07328839,0.044559624,
0.008852426,0.14703734,-0.06545325,0.12538534,0.15717359,
-0.065144844,0.06501412,-0.1332275,0.049457148,-0.1530242,
-0.13089627,0.005617256,0.039713647,-0.0644539,0.14358741,
0.109982505,-0.061046775,-0.011493117,0.1422022,0.014607178,
0.029211914,-0.030307738,-0.013657359,0.09139758,0.02086968,
-0.087901354,-0.013857165,-0.12616892,-0.0074491166,-0.0046200287,
-0.016216524,-0.12890625,0.124545746,0.093143605,-0.05257678,
-0.04023201,0.008535336,0.013149093,-0.16917297,-0.016363189,
-0.12509362,-0.16785021,-0.13809785,-0.14936447,-0.14761434,
-0.066843815,0.10432346,-0.023364559,-0.010039782,-0.04831912,
0.07191072,0.0660761,-0.15711528,-0.14234829,-0.01646344,
0.001561972,0.039988738,-0.19086835,-0.048995435,0.043298025,
-0.050110538,0.13086347,0.122825645,0.13263378,0.12972654,
0.17665473,0.015531096,-0.068390936,0.15159574,0.14262688,
0.11530614,0.12727566,0.054888047,0.017648678,-0.0047136364,
-0.016053928,0.100623816,0.08022246,0.061970714,-0.10943313,
-0.10244939,0.020880818,-0.06322468,0.10857722,0.11033275,
0.0745237,-0.08946656,0.15309492,0.12544486,0.022791848,
-0.07966283,-0.0067406637,0.027933981,0.050967243,0.09278184,
0.1325605,0.12815973,0.10905818,0.066843815,0.03173742,


0.064093664,0.023147555,0.018956546,-0.10118898,-0.18301591,
-0.08967513,0.08304888,-0.080950424,0.12889136,0.13532637,
0.016365198,0.06577669,-0.0024275836,-0.076885246,-0.18366744,
0.041464135,-0.061831027,0.024729596,0.011926938,-0.16994938,
0.018903635,-0.067523256,0.067956656,-0.058350224,0.018696606,
0.08163669,0.047559872,-0.03749403,-0.11534859,0.03925253,
0.057713404,-0.13332245,-0.0042794216,-0.04485399,-0.07987476,
0.025715904,0.06779711,-0.06988223,0.06119136,0.13596123,
-0.091182955,-0.12075495,-0.10379577,0.15596932,0.10572317,
0.13906865,0.17979321,0.031899888,0.039065875,-0.051112324,
0.031161686,-0.09761068,0.07903706,0.073723175,0.076834455,
0.027742827,-0.025693506,-0.09954734,-0.1137711,-0.08045634,
0.027195845,0.071048066,-0.05657205,0.07324036,-0.006236491,
-0.050684236,0.1299013,-0.061947312,0.0048321127,-0.1302621,
0.023944212,0.013187292,0.083627366,0.046050355,0.12504032,
-0.05323434,-0.047841772,0.004244338,0.11667393,-0.06949229,
-0.019951532,-0.13645457,-0.003671197,0.06602407,-0.012323381,
0.09926173,0.04154282,0.03964656,0.0026112732,-0.00034396764,
-0.16015525,0.035722353,-0.056416713,-0.005680172,-0.057730634,
0.20878719,0.17895539,0.011775064,-0.12909646,-0.10568143,
0.106407456,0.034513395,-0.106055595,-0.18410586,-0.06213287,
-0.09917858,-0.09472696,-0.15572082,-0.09375825,0.059636775,
0.016404567,-0.08888318,-0.03940113,-0.17298335,0.034339465,
0.033189364,0.110346675,-0.15229964,-0.16171023,-0.121084586,
-0.14022268,-0.071277685,0.03621244,-0.06363736,0.010202534,
0.1619869,0.1320805,-0.066356376,-0.10349693,0.049526587,
0.1444564,-0.0011550364,0.10956833,-0.044633616,-0.021927794,
-0.067161664,-0.057111025,-0.020194765,-0.011490549,-2.9414405e-05,
0.11698065,0.096567936,0.1507927,0.033391275,0.005627642,
0.19216013,-0.03880941,0.07875157,0.095798165,-0.0151880225,
0.006754052,0.110459566,0.03889645,0.113287196,0.042737532,
0.007872112,0.07307334,-0.10646121,-0.18253182,0.040298313,


-0.13013056,0.02417004,-0.17475073,-0.16237369,-0.004880862,
0.09037124,0.097898565,0.058990914,-0.0765511,0.1667795,
-0.117152594,-0.14521281,-0.1074172,0.050182533,-0.015811782,
0.033311807,0.002113452,-0.19213292,-0.13318174,-0.0651232,
0.10855305,0.11093979,0.11670908,0.094227225,-0.03142723,
-0.05264716,0.00883405,0.15124306,-0.04065134,-0.01133733,
0.09347035,0.08910717,-0.12523809,-0.1845417,-0.062286206,
0.07101111,0.06367398,-0.06910318,0.11201582,-0.022504665,
0.03821277,-0.014654236,-0.009530029,-0.07147812,-0.048435416,
0.17760912,0.109498486,-0.018090539,0.09126461,0.06649262,
0.015969293,0.1173581,0.15201862,-0.05985465,0.068260685,
-0.092399016,0.009593585,-0.051438548,0.0089767985,0.0028148424,
0.16180691,-0.08128196,-0.015518306,-0.0020312604,0.1279956,
0.031860862,-0.034839544,-0.19717129,-0.007001394,-0.065955885,
0.14611265,-0.030692339,0.035521343,0.0065344013,0.05514368,
-0.07492949,0.0903771,0.07064082,0.15526736,-0.037057444,
0.012141747,0.010807136,0.030530555,0.15795657,0.108518146,
0.048449084,-0.10436955,-0.10329721,-0.087786615,-0.06735809,
0.04621091,-0.007044847,0.024227114,0.11861574,0.024652895,
0.11402888,0.13828868,-0.06548228,0.027749445,-0.1682808,
-0.0024551398,-0.07882996,-0.06720298,0.06516805,-0.15049979,
0.086088106,-0.08224353,-0.0027113473,-0.030066539,-0.0028020702,
-0.06406889,-0.099570625,0.052952424,0.0212052,0.16672333,
0.11421903,-0.074446306,0.026847703,-0.06282641,-0.04065628,
-0.085729524,0.060745183,-0.022099128,0.11799296,0.0898181,
-0.0433054,-0.08967401,-0.09582886,0.12791288,0.12533161,
0.016122524,0.14793986,-0.05062904,0.17249234,0.10684533,
-0.07214599,-0.050979644,-0.013614019,0.078216136,0.040545024,
0.03644087,0.092392094,0.13531296,-0.09181334,-0.0813111,
0.080834635,0.019852672,0.16235703,-0.03746961,0.13480711,
0.066240236,0.14073198,-0.06022974,0.042170648,0.02741453,
-0.011070817,-0.00651694,0.10189836,-0.09335072,-0.078847885,


0.020288043,-0.090638205,0.01897846,-0.13854486,0.12197118,
-0.042744294,-0.1405874,0.04914284,0.0011580563,-0.085870855,
-0.032213468,-0.06925798,-0.10290431,0.0999535,0.0023263611,
-0.08115245,-0.07774199,0.008573658,-0.0061699497,0.031225039,
-0.04906346,-0.07860548,0.041977886,0.03263672,-0.105241045,
-0.09086268,0.033694502,-0.11241353,-0.05646557,0.023960527,
0.117451556,-0.0013700195,0.017879236,-0.109702826,0.040041648,
-0.14860909,-0.043100655,-0.042273987,-0.025256641,-0.13207555,
0.07960484,0.107971385,0.10510351,0.092156984,-0.07025457,
-0.08488048,-0.074365035,0.054981366,-0.094523445,0.016264973,
-0.074405245,-0.096947,-0.052136686,0.06685917,0.07319279,
0.03914321,0.11365775,0.06910686,0.01507402,0.07470758,
-0.121562324,-0.14261776,-0.102937624,-0.06211255,-0.13580583,
-0.08159953,-0.01275741,0.04684718,-0.11679246,0.08516849,
-0.029993376,-0.0722328,-0.08105382,0.03650978,0.079849295,
-0.016133642,0.09309216,0.09651583,-0.049430463,0.044355083,
0.0042463844,0.12165171,-0.112166435,-0.01097766,-0.105482735,
0.10415081,-0.14166151,-0.04541182,-0.096642725,0.07760633,
-0.06994049,-0.07978991,0.07458139,-0.10001114,-0.11238379,
0.03751469,0.023754263,-0.09103796,0.078843184,0.07852253,
-0.022529585,0.11425437,0.036376547,-0.11416203,0.07566046,
-0.07769506,-0.08440813,-0.092321075,-0.08613979,-0.06383364,
-0.12481192,0.058228925,-0.11388972,0.07105626,0.103395544,
0.054688934,-0.055978905,-0.087572075,-0.00580672,0.11554755,
0.13001974,0.08975893,-0.03172747,-0.110272475,-0.034559764,
0.097232334,0.09625188,-0.04882165,0.116853975,0.0139719,
0.11530298,-0.080078304,0.07619177,-0.111589275,0.0631119,
-0.114056915,-0.1452461,-0.020256042,-0.022407165,0.10878136,
0.06444609,-0.09087226,0.017011838,-0.13286982,-0.04888921,
-0.023534056,0.023399828,-0.05381682,-0.12062383,0.08895626,
-0.141516,0.07055846,-0.07894486,0.07619366,0.06079716,
0.016477995,-0.12209101,-0.07906489,-0.13368155,-0.08671234,


0.08541799,0.057669267,0.06649607,0.088869534,-0.058238447,
0.022657758,0.07783228,0.049988944,0.10637605,0.03573003,
-0.14337105,0.09516346,0.036590643,0.12895682,0.09479832,
-0.09138015,0.061151046,0.091915585,-0.04507686,0.13413739,
-0.07817977,0.026214065,0.092832625,0.16416,0.0032011578,
0.115859106,-0.1353449,0.0045192763,0.059670024,-0.11775582,
-0.16025421,-0.029627183,-0.079430304,0.017652847,-0.07222458,
0.07602472,0.005055292,-0.12643218,-0.13800116,0.0022897962,
0.014166938,-0.07673506,0.118348464,0.09672804,-0.06906493,
0.004918961,-0.011973611,-0.004217509,0.12669443,-0.0129170045,
0.038846746,0.12199987,0.10791559,0.01904525,0.041550662,
-0.005009808,0.11455993,0.02333209,-0.08452017,-0.019840132,
0.073416375,0.07973008,-0.08787702,0.079821266,-0.052523248,
-0.113176286,-0.15148255,-0.026286073,-0.0734839,0.06962783,
-0.09212332,0.101259366,0.12989897,0.06387991,0.056443866,
0.13843212,0.101672016,0.054179106,-0.07606693,-0.055013992,
-0.008676656,-0.14662276,0.0301451,0.06548619,-0.06138073,
-0.0117098065,-0.040115885,0.080874324,0.11628061,-0.004325147,
0.04184196,0.020816345,0.10185935,0.0112896655,0.066692196,
-0.12973341,-0.11276208,-0.07569153,-0.031062035,-0.11757021,
-0.060364388,-0.11038841,0.08333266,-0.10595798,-0.013445276,
-0.053906985,0.04969977,0.045344338,0.06827289,0.1448453,
0.007342274,0.0014597201,-0.0054336917,0.08250769,0.15254219,
-0.044056438,0.06761754,0.07840163,0.12975004,-0.006017494,
-0.0571681,-0.022583677,0.024511132,-0.060547046,0.0065466524,
-0.09294872,0.0340278,0.094299644,0.087014034,-0.0855438,
0.069453575,0.097139634,0.06844121,-0.07846756,-0.1327747,
0.11556445,-0.11575885,0.13515736,-0.11900737,-0.09455129,
-0.052252434,-0.004493645,0.0028758193,0.013645304,-0.022377988,
-0.1348312,-0.02028898,-0.040432602,-0.021702807,-0.0136990445,
0.15706451,-0.07296164,0.14628053,0.1497001,0.14250939,
-0.0907635,0.08366138,-0.034764744,-0.027452057,0.12019765,


-0.14735329,0.027430201,-0.06995592,-0.023570355,-0.068919815,
-0.07831473,-0.10653123,0.11787045,-0.011876367,0.11882099,
-0.12947576,0.034325577,-0.15576631,0.059335917,-0.013960368,
0.045363184,0.033656415,-0.19658066,-0.15601318,-0.07402814,
0.0849484,0.07026216,-0.060665272,-0.06967123,0.059157323,
-0.05999848,-0.005048342,-0.0040583555,0.04712485,0.02141119,
0.087255366,-0.18152587,-0.004293335,0.010075615,-0.07762754,
-0.084074065,-0.15502037,-0.043680105,-0.0037295464,0.14287275,
-0.11175706,-0.14735194,0.008963929,-0.18172109,-0.11263541,
0.09570965,-0.1406207,0.03815947,0.061585784,0.13717692,
-0.09763044,0.116116345,0.084573865,0.06124254,0.113650724,
0.07371597,-0.05988542,-0.08964721,-0.008409262,0.058990084,
0.09071924,0.111685514,0.016837085,0.047904115,-0.00025193696,
0.08482528,0.0013961454,-0.16874813,-0.15831444,0.08822768,
-0.15176535,0.090333775,0.01499236,0.08206479,0.03657344,
-0.07924987,0.047404863,-0.0084988745,-0.100536175,-0.09736263,
0.094414465,-0.07646432,-0.023662297,-0.04677913,0.10252584,
-0.10818437,-0.07039869,-0.13604258,-0.1747632,0.0027844813,
-0.044693604,0.021569874,-0.10757079,0.107303694,0.12163672,
-0.021801809,0.035474457,-0.118651204,-0.044301648,0.0143337995,
-0.019975042,-0.07769984,-0.06545995,-0.0009567276,0.10730996,
0.11610834,0.066851705,0.12067129,-0.04547517,0.09448189,
0.02655948,-0.10266891,0.06554038,0.0918127,-0.09096262,
0.023735564,-0.13061273,0.03646176,-0.061662003,0.03195458,
0.121236764,-0.042802524,0.11764232,-0.08783436,0.081343964,
-0.0040945285,0.111935504,-0.08025363,0.08341531,0.06167145,
0.0016375167,0.11501826,0.15332685,0.1465857,-0.013754431,
-0.048540577,-0.13366319,-0.15923262,-0.017499363,-0.010268139,
-0.17748614,-0.11961289,-0.12902819,0.0075214715,-0.021661548,
0.10234423,0.08229477,0.08058513,0.0800929,0.018994207,
-0.06810255,0.14668041,0.008706339,0.08452335,0.041312132,
0.058950942,0.08729469,0.13474332,0.02818082,-0.059676938,


0.0769282,-0.086673826,-0.018882077,0.06540388,-0.05942223,
-0.08607343,-0.11909479,0.018102081,0.060150202,0.04766728,
-0.08347297,-0.077467814,0.029659398,-0.021592267,-0.050725542,
-0.007666489,-0.08046648,-0.18501373,-0.12597658,-0.1744488,
-0.09270996,0.14372423,0.08341825,-0.08475469,0.0492808,
0.088734224,-0.05494409,0.09252364,-0.025077127,0.14943288,
0.06752491,-0.0796734,-0.0066909455,0.01099126,-0.0036154378,
-0.012296857,0.05113678,0.107948795,0.06902959,0.1624227,
0.00027667274,-0.08304408,-0.17314227,0.06467621,-0.06800141,
0.0243718,0.1464706,0.10106587,0.062132884,-0.0012621289,
0.009301719,0.048106547,-0.09030705,0.04773883,0.10516622,
-0.13821888,-0.019125178,-0.13394968,-0.022781882,0.15360604,
-0.12059569,0.06165487,0.07082568,0.11446859,0.011134729,
-0.06602787,-0.12964536,-0.12385607,-0.10592188,0.08228612,
-0.13745964,-0.12855792,-0.13896553,-0.021574141,-0.062406067,
-0.043661397,-0.0022587064,0.14757638,0.007006527,0.1182718,
0.140801,-0.102798216,-0.0049177217,-0.02653242,-0.053341776,
-0.189155,-0.108619936,-0.11956201,-0.1714082,-0.13272667,
0.110813215,-0.07050771,-0.12829223,-0.020669686,0.11283122,
0.0015876681,-0.140603,-0.16268885,-0.06424121,-0.1916141,
0.05795436,0.07498476,-0.20210548,-0.07498698,0.05171091,
0.03370554,0.08460568,0.07529148,0.12549797,-0.014119931,
0.044047378,0.08147039,0.11235101,0.1376923,0.09391062,
-0.07281535,-0.066965654,-0.089237265,-0.1559929,-0.07739258,
-0.01335612,0.118490554,-0.07972472,-0.022761758,-0.0073052356,
-0.05119181,0.08694667,0.1741977,0.00803421,-0.021577144,
0.0745308,0.10792158,-0.010179989,0.11248378,0.10381901,
0.06303491,0.05610597,-0.1463694,-0.11972892,-0.16135298,
-0.06694563,-0.030016927,-0.1249278,0.04142123,0.04106821,
0.046085026,1.23001755e-05,-0.06008689,-0.06772096,0.16458088,
-0.03431492,-0.014172755,0.035117526,-0.0073923026,0.12476809,
0.10920653,0.026873462,0.17926186,0.048851028,0.02374372,


-0.18429421,-0.011952365,-0.11032458,-0.14526916,-0.16211538,
0.004385567,-0.06514872,-0.08091815,0.13162996,0.09374284,
0.036501374,-0.19548863,-0.008388533,-0.20128314,0.056951307,
-0.08960967,-0.17528382,-0.026280615,-0.1144922,-0.032781996,
-0.025375837,-0.0038129177,0.15034889,0.20709483,0.16948815,
0.03400765,0.010431961,0.1505873,-0.05516973,0.159232,
-0.16910253,-0.019267999,-0.080429755,-0.035326783,-0.024860494,
-0.03116628,0.020416614,0.08257368,-0.05915431,0.011931647,
-0.02077382,-0.030016055,-0.15015282,-0.09485944,-0.17082371,
-0.10336191,0.025710579,-0.10014422,-0.123688504,0.09992117,
-0.03128461,-0.0143432645,0.10037549,-0.11978287,0.1256699,
-0.052484445,-0.01779427,-0.040310837,0.0017056593,0.08522105,
0.13753095,-0.10288517,-0.08924518,-0.066086315,0.043830734,
0.05247205,0.041584782,0.04189127,-0.17807989,0.037701122,
0.12930362,0.095350906,0.1493578,0.02879892,0.07082,
0.17747271,-0.063795455,-0.033176754,-0.10270784,-0.13130106,
-0.065680936,0.0995484,-0.014007338,-0.002344417,0.078090705,
0.021014016,-0.06423484,0.08170753,-0.11934683,-0.14778556,
0.06990803,-0.04640991,0.053123903,0.028131047,0.11313767,
-0.022537299,0.003308075,0.10066081,-0.14855225,-0.040453307,
-0.13322468,-0.05707243,-0.107912414,-0.09154269,-0.14748879,
-0.0828171,-0.039914273,0.0129826255,-0.04737619,0.036514413,
0.15668383,0.15949951,0.1791505,0.086524025,0.05666528,
-0.125298,-0.14889571,0.0014706753,-0.17629196,0.03749177,
0.16132894,0.025616318,0.0897577,0.16454244,-0.103893645,
0.13289255,0.10929133,-0.057687074,0.14746769,-0.058967844,
0.033102218,0.031866487,-0.042146977,0.11973448,0.1287468,
0.03144237,-0.02661443,-0.07409881,-0.08475076,-0.09340574,
-0.010521187,0.04680701,0.03569948,-0.05768941,0.04351805,
-0.017016094,0.005376683,-0.105871625,0.026010044,0.09928359,
-0.017521523,0.053956147,-0.0575916,-0.086989366,0.123782516,
-0.064295076,-0.021767275,-0.031574704,0.10191202,-0.12594084,


-0.1268664,-0.051744133,-0.10542115,0.08964982,-0.06822546,
-0.112334736,0.013547111,0.033402536,0.04235968,-0.052280728,
0.066959836,0.0548741,0.0032017364,0.054705765,-0.0034971475,
0.11797352,0.104690984,-0.12619744,-0.19481121,0.050034795,
-0.04173235,0.06876543,-0.11362794,-0.031291567,-0.07235933,
0.111822695,0.053606164,-0.031491093,-0.056771155,-0.024476238,
-0.11301347,-0.107855745,-0.08337211,-0.074185275,-0.11714773,
0.03837371,0.08825632,0.0066127097,-0.06186453,-0.079887755,
0.02880684,0.0026193704,-0.1459197,-0.09816138,0.07941065,
0.04860304,-0.010285189,-0.008912141,0.07390872,0.12292339,
0.14145386,0.13798803,0.072037436,0.113102034,-0.04693604,
0.1237348,0.014078069,0.0061602048,-0.08462386,-0.04395694,
-0.053589374,-0.0064389897,0.003608533,0.113178715,0.024565086,
-0.022193154,0.10490058,0.03145465,-0.13435425,-0.07285655,
-0.0033490844,0.0008034674,0.0019455657,-0.103787035,0.022944935,
0.13097335,-0.08463562,0.1315717,-0.043720946,0.01245297,
-0.08778756,0.049463693,-0.015518009,-0.030799042,0.08339608,
-0.17005265,0.030085085,-0.0013341312,-0.0949362,-0.11506107,
-0.035704426,-0.07824215,0.057289198,0.08658196,0.04542984,
0.09662084,-0.012975949,-0.15635987,0.05795578,-0.0263635,
0.12304742,-0.0057570497,-0.11461401,-0.046210032,0.03940397,
-0.04831816,-0.0761771,0.15216021,0.14459324,0.11368643,
0.041355673,0.0278171,-0.045635693,0.14427032,0.0818045,
-0.10830563,0.0247329,0.08521203,-0.008757487,-0.11982398,
0.05428177,-0.05171048,-0.12683727,-0.06881398,-0.084164105,
-0.034236748,-0.108901136,-0.020083286,0.053919386,0.11009355,
0.047351763,0.027940266,0.014237558,0.07933088,0.13784966,
-0.16674386,-0.16121022,-0.015109926,-0.056542367,-0.053362217,
-0.08573643,0.09804946,-0.027843019,-0.16831802,0.039278887,
0.007438046,-0.09798973,0.07170988,0.055758394,-0.011564113,
-0.018002242,-0.0509871,0.10189238,-0.014308288,0.14831924,
0.11362275,-0.043918632,-0.035126667,-0.040479776,0.1369346,


-0.17446418,-0.090297066,0.05631834,-0.07159931,-0.010704118,
0.04811477,-0.02998096,0.17055507,0.06467754,-0.023748998,
0.07522282,-0.16414271,-0.06473384,-0.06630746,-0.047664933,
-0.14076279,-0.22815587,-0.12192036,0.021208761,-0.089927085,
-0.120413825,-0.00011614567,-0.028316243,0.05634682,0.059310343,
0.036506876,0.17009097,0.14451145,-0.07699714,-0.07218901,
-0.14679772,-0.1836698,-0.06750768,0.037231814,0.07942324,
0.03220976,-0.09600702,0.049373794,0.12595935,-0.129805,
-0.0696373,0.039404944,-0.10670056,-0.10146011,0.10311478,
0.12984324,0.12471891,-0.07490306,-0.11431135,-0.08268278,
0.15629351,0.13271903,0.09086716,0.012526621,0.0048268917,
0.11521449,-0.047471937,-0.07137074,0.051679153,-0.0947226,
0.18229625,0.16121121,-0.074120425,0.095714204,-0.11039913,
-0.17638476,0.008171446,0.029490426,0.039456878,0.08359614,
-0.115758315,0.10132088,0.059084803,0.122122735,-0.035023864,
-0.0039296243,0.1277842,-0.10303698,-0.036707595,0.11509119,
0.13914257,-0.09458977,0.06270934,0.13984361,-0.06655754,
0.088675596,-0.04800671,0.098654315,-0.109088786,0.01539749,
0.11328999,0.0912459,0.11004945,0.034333974,-0.10259541,
0.050295677,-0.05092819,-0.023786234,-0.08628057,-0.06501922,
-0.01628694,-0.11613967,-0.13322273,0.003331202,-0.10836215,
0.0672589,-0.058792938,0.06348381,0.086836904,-0.07780366,
-0.09053104,-0.010129327,-0.12425362,-0.11842906,-0.08517498,
-0.09054144,-0.21477045,-0.11047635,-0.061398935,0.03767495,
-0.05274535,0.08589815,0.13087544,0.09013564,0.13233444,
0.086705394,-0.07790918,0.111347795,-0.021309767,0.017031379,
-0.091865435,-0.059476875,0.13059007,0.0149587765,-0.066348135,
-0.11912749,-0.068013,0.048381545,-0.02416724,-0.13710937,
-0.113960765,0.049180616,0.08919933,-0.13936311,-0.18600483,
-0.027688136,-0.030196724,0.05095143,0.1131687,-0.16614777,
0.123387806,-0.0127418535,0.011398634,-0.09811467,0.115546964,
-0.05328251,-0.0015131885,-0.023298694,-0.011481654,-0.1012044,


-0.10593442,0.08986385,0.049175996,-0.14054945,-0.20270349,
-0.11580457,0.045973968,0.074933924,0.0014250593,0.045134865,
-0.09072467,0.094043784,0.04177552,0.0031029931,0.051860698,
-0.13664943,-0.095664434,-0.040130824,-0.13881902,-0.23509564,
-0.027138136,-0.029575342,-0.03238385,-0.077700734,0.0017617228,
0.12771156,-0.08842864,0.069487736,0.15043966,0.07476423,
-0.036955055,0.09405725,-0.14693083,-0.06201167,-0.14703469,
-0.14352502,-0.0065110973,0.14039755,-0.038823232,0.15550576,
0.033043552,0.08686686,-0.0058688577,-0.045056194,0.15967979,
-0.13956547,0.019409828,0.0010889595,-0.032489628,0.070271894,
-0.12410884,-0.10971986,-0.10261413,-0.08917018,0.13883962,
-0.09116207,0.10523142,-0.0682374,0.042288635,0.073680766,
0.0261114,-0.020056516,0.082440905,0.06446174,-0.0045016203,
-0.034366556,0.0007252578,-0.10178218,-0.031928107,-0.104940236,
0.05477849,-0.016732663,-0.090620235,-0.032002058,0.007176773,
-0.123316355,0.09314518,-0.036875293,-0.04126237,0.1416764,
-0.043987818,-0.1041056,0.14314729,-0.028746225,0.04563562,
0.035234038,0.10899784,-0.06156677,0.07305515,0.058947355,
0.088857114,0.12017903,0.02073726,-0.03829432,0.009032362,
0.09984058,-0.039871726,0.08449594,0.030426104,-0.08286437,
-0.14586724,-0.031703483,-0.0025157847,0.0075756335,-0.15472744,
-0.12581876,0.09110686,-0.0900505,-0.14427263,0.00027830782,
-0.04387918,0.079343416,-0.16304785,-0.16597784,-0.108657464,
0.10198981,-0.1454656,0.047618624,-0.1850995,-0.08079268,
0.021639794,0.06573525,-0.029091327,-0.09241391,-0.09870439,
-0.078946754,-0.02707938,-0.06060954,0.09722035,0.08356801,
0.08687844,-0.004850854,0.15206833,-0.05973756,0.03038248,
0.099467166,0.040742986,0.039187513,-0.04397564,-0.0766595,
-0.012353128,-0.10393747,0.07662762,0.054904815,0.20691118,
0.018096715,0.019446986,-0.115968436,-0.039956808,-0.06368252,
0.017256973,-0.12938853,-0.00646359,-0.08381559,0.0121512795,
-0.062960155,0.106996275,-0.0722387,0.06251006,-0.13405772,


0.11075053,-0.049028724,-0.06787146,0.059390347,-0.061028924,
-0.15462522,-0.15382574,-0.17256474,-0.16710933,-0.20721723,
0.004503924,-0.01181464,-0.09958469,-0.08943095,0.10567645,
-0.08591959,-0.14382784,0.06449146,-0.05439211,0.058274493,
0.13270894,0.070813894,0.17219502,0.16858332,0.017966634,
-0.09307295,0.03731712,-0.09109278,0.076363236,-0.10588725,
0.10646343,0.05908229,0.050233945,-0.061855983,0.062042814,
-0.095124215,-0.100581035,0.03462735,-0.03799204,-0.067171015,
0.14621112,-0.0042990195,0.014921124,-0.0032804967,-0.04513391,
-0.058596034,-0.04771142,-0.05357733,-0.08027535,-0.056160763,
0.022773836,-0.17110512,-0.18759613,-0.09715462,-0.1287531,
-0.09526976,0.014368729,-0.112332135,0.03917171,0.06032127,
-0.08039968,-0.07450967,-0.14403847,-0.1748333,-0.12750477,
0.09805875,-0.08946732,-0.058906153,0.0681631,-0.030752948,
0.13742515,-0.088531345,-0.058839653,-0.058309402,-0.12146781,
-0.049638063,-0.14116561,-0.035985842,0.020995727,-0.088488385,
-0.11042379,0.042041298,-0.069872424,0.018824268,-0.121696465,
0.07419306,-0.019230412,0.1196493,-0.08728944,-0.14887387,
0.0691681,-0.031387676,0.02893295,0.038639206,0.06376637,
-0.016268522,-0.06199843,-0.1136599,0.051424555,-0.06879342,
-0.060050867,0.11568162,-0.11897709,0.0066882414,0.07060807,
0.08021348,0.09182282,0.0779549,-0.12074735,0.15198465,
0.08324015,-0.013785514,0.14686273,0.0018226728,0.13791904,
-0.052026514,0.0011776516,-0.01444594,0.1030534,0.11880151,
0.03164223,-0.06506018,-0.11776182,-0.026016826,-0.07968695,
0.07709751,-0.0931632,0.051072713,-0.06671711,0.11826275,
-0.08838325,0.01681401,-0.11048972,-0.12787095,0.028162584,
-0.019566165,0.0050467737,0.12494223,0.12633304,-0.10460102,
0.004286049,-0.054015636,-0.1151554,-0.10277704,-0.12319691,
-0.095634244,0.007998217,-0.0051613227,0.0028156447,0.07305151,
-0.040366717,-0.06778191,0.023114711,-0.21625774,0.04417226,
-0.03253509,-0.09621263,-0.03462396,-0.070175365,0.08026587,


0.1298751,-0.030444069,0.06643717,-0.12157647,-0.17008714,
-0.0042432034,0.1251558,0.15377948,0.070455536,0.13774104,
0.078719854,-0.013692383,0.005428363,-0.17541862,0.038961157,
0.0002793427,0.09675019,0.03140407,-0.19922906,-0.06640062,
0.0057897326,-0.09038374,0.12940682,-0.08083691,0.10106566,
0.097141825,0.14793949,0.08536172,0.06786509,0.015982466,
0.14030187,0.06895246,-0.10335711,0.015382824,0.037153598,
-0.09539788,-0.00371004,0.11305705,0.016627047,0.036606837,
-0.047224768,0.12149578,-0.06415477,0.049823478,-0.13425183,
-0.05344814,-0.0948481,0.09436604,0.02392584,0.008232333,
0.09482689,0.04141258,0.05259591,-0.003676008,-0.12303738,
-0.0017419314,0.11791777,0.14200225,0.1336282,-0.05575939,
0.044022955,0.15633851,-0.07708077,0.06820395,0.00095767836,
0.04971967,-0.101441585,0.057778414,-0.061194364,-0.035885975,
0.12493826,0.12183439,0.03364999,-0.048202485,0.09227194,
-0.0006589846,-0.12112111,-0.052961368,-0.04739285,-0.12573461,
-0.05567059,0.15442766,0.046724547,0.008727974,-0.09257463,
0.028338209,0.007037466,0.093286194,-0.057095405,-0.0025566895,
0.14267612,-0.08949089,-0.09678666,0.06809952,-0.03936805,
-0.02994095,0.045700677,0.052015428,-0.10361667,-0.058607776,
-0.088789105,-0.12620956,-0.021036142,0.018260833,-0.009883003,
0.023839358,-0.038112897,0.07652501,-0.1404204,-0.06976917,
-0.120295815,-0.1397258,0.13791782,-0.05859746,-0.06722323,
0.04389687,-0.12508807,0.00853534,-0.15691842,0.004862988,
0.121713266,0.10714802,0.047664404,-0.011990654,-0.12007583,
0.12975034,0.07401306,0.10742475,0.0020438638,-0.09196141,
-0.03420643,0.11846337,-0.045675624,-0.080618806,0.019062435,
-0.011799834,-0.08825275,0.047158882,-0.048022542,-0.049132887,
-0.025305657,-0.11707657,0.06883938,-0.12086462,0.13048379,
0.1448479,-0.025434952,-0.1306294,-0.03132485,-0.08348768,
0.014707182,0.1433365,0.105203345,-0.09388134,-0.054433525,
0.05069008,-0.11244068,0.05111937,0.057209436,-0.1266093,


-0.102060825,0.117993005,0.0934017,-0.04284155,0.0879683,
0.14253849,-0.07726496,0.16024168,-0.039073918,0.10425722,
0.082538,-0.061092705,-0.06633519,0.076528445,0.094416685,
0.14702487,-0.07208652,0.014683795,-0.045662332,-0.02409457,
0.009530474,-0.12036634,0.10108322,0.0191832,-0.12626453,
0.10518279,0.09261823,0.054675482,0.11063812,0.018841475,
0.055803828,0.043222636,0.05697,0.098349564,0.13663107,
-0.081259884,-0.12672703,0.060440782,0.060418967,-0.05030633,
0.08612372,-0.079643704,-0.03854807,0.09740719,0.105615504,
-0.031247145,0.17762004,-0.019020244,0.10097652,-0.039907802,
0.12614334,-0.04807777,0.0861961,0.017316284,-0.008695618,
-0.021319909,0.10155221,0.103865765,-0.06532144,0.04358969,
-0.07823612,0.10934644,0.15038642,0.13703196,0.00867177,
0.0996083,0.029786155,0.07338256,0.010381702,0.018946402,
-0.110874616,-0.10292759,-0.02546388,0.017389273,0.03464878,
0.08258963,0.06541295,0.063768364,0.08277505,0.16806985,
0.051396895,0.08136003,-0.07886311,-0.103759296,0.0075120605,
-0.098745614,0.091261744,-0.1136453,-0.09527359,0.07301957,
-0.14594822,0.02900966,-0.094859,0.002394391,0.07591518,
-0.024765836,-0.08772362,-0.10264867,-0.047868602,-0.008477401,
0.034658432,-0.06763519,0.13296638,-0.06477566,-0.1096565,
0.016158074,0.082855895,-0.0137610715,0.094994254,-0.00026939873,
0.11732106,-0.010763409,0.054345023,0.01274126,-0.1309742,
0.084880255,0.042704776,0.14954232,0.13722806,0.055547144,
0.088071056,0.049728524,0.03074767,-0.036188,0.09209477,
0.18132402,-0.07482583,0.054403357,0.043876365,0.11411339,
-0.023089688,0.16607504,-0.028836908,-0.079203434,-0.04614023,
-0.1171141,-0.14016172,-0.12665114,-0.014349075,0.063683376,
-0.16532208,0.0034953821,0.09092066,0.015519829,0.024827946,
0.120898835,0.1386144,0.17402397,0.025773367,0.06365762,
-0.10120425,-0.09495973,0.008603651,-0.059474394,-0.012202486,
-0.034994166,0.034102235,-0.037570916,0.022557091,0.122637846,


0.06993002,0.17874885,0.1010767,0.15325198,-0.08566594,
-0.15429702,0.055010073,0.096017696,-0.10157516,0.10537084,
0.117035694,0.037435528,0.11889586,0.1890692,0.0022429998,
-0.017943986,-0.004488769,0.16425146,0.09399223,0.05566057,
-0.09794751,0.07569064,0.03521209,-0.09387,-0.12001767,
0.06048933,-0.10101002,0.14937073,0.069824725,0.0997118,
0.08010157,0.058546904,0.19606337,0.037291937,0.08792489,
-0.1571852,-0.14992073,-0.12429779,0.06136767,-0.11843937,
0.111561164,-0.07372966,-0.11277585,-0.027292818,0.11684163,
-0.114285804,0.09684218,-0.091517396,0.07394402,0.1692296,
0.09795853,0.016036535,-0.13412651,-0.13633044,0.023453884,
-0.096296676,-0.13699375,-0.037715323,0.047098752,-0.015707005,
-0.04428196,-0.032103397,0.1207068,-0.119715475,0.12932281,
0.0060478807,-0.08188134,0.095744245,0.07994574,0.14122358,
-0.033302817,-0.1680357,-0.014660268,-0.21299222,-0.122217886,
-0.17116852,-0.08485066,-0.04341536,0.0027254843,0.06339982,
0.025024315,0.10180718,-0.09442088,-0.08220266,-0.12119199,
0.1212072,-0.13616689,-0.14242372,-0.20444344,-0.03825798,
-0.1486364,-0.058017567,-0.03810863,-0.14210458,-0.18398318,
0.13410549,0.06432726,-0.07772427,0.014832035,0.09898784,
-0.023228956,0.029843476,0.033275884,0.08268638,0.124190055,
0.06568138,0.15009497,0.09956531,-0.024852522,0.084527485,
0.1599827,0.15118234,-0.05789981,-0.1279851,0.09544577,
0.051180985,0.13026014,0.07562298,0.15311569,0.05645475,
0.0014614412,-0.11057146,-0.11525533,-0.06130534,-0.03039296,
-0.032722224,0.07597951,0.14411032,0.07168159,0.07355871,
-0.07545847,-0.060523264,0.084553584,0.11845005,0.02245154,
0.013427405,0.08189031,-0.26472038,-0.12577271,0.007895715,
-0.108560696,0.041246533,0.023197444,-0.00052120374,0.11486219,
-0.019103212,-0.0559366,0.008585881,0.16377078,0.123016395,
-0.13391998,0.08734351,0.075572,0.022442408,-0.11489605,
-0.048838247,0.1559166,0.04287776,-0.014672598,0.1615133,


-0.055173717,-0.050171487,-0.06504856,0.1469526,-0.073741995,
-0.08349877,0.08940052,-0.044417225,-0.059200555,0.02449179,
0.11255843,0.039245993,0.07077776,0.07496714,0.04716328,
0.03218704,0.11193461,0.14597628,0.13514817,-0.049308136,
0.1694016,0.04993521,0.018430507,0.0067531774,-0.04673778,
0.06618396,-0.025237367,-0.046776574,-0.074053004,-0.019946216,
-0.016727485,0.08916043,0.17109415,0.118845046,0.1333623,
-0.010663052,0.031624343,-0.057824384,0.032941394,-0.08450659,
-0.0023522566,0.109129414,-0.035814025,-0.074846424,0.0063888608,
0.015564942,0.08295279,-0.07982344,0.08720919,0.124611124,
-0.05580779,0.08649571,-0.056092687,-0.114195794,-0.059961785,
-0.098808624,0.027400685,-0.025569493,0.019487543,-0.097095005,
-0.0838102,0.10128906,-0.021546973,-0.10168879,0.010788452,
0.115568705,0.10261041,0.11770273,0.042385086,-0.05686081,
-0.08944343,-0.1175232,-0.06279764,0.028338365,-0.17807437,
-0.0415736,-0.110901915,0.0058967094,-0.16303909,-0.11656407,
-0.10849503,-0.07949237,0.07447819,0.091023415,-0.12779492,
0.101723425,-0.026872758,0.045528702,0.12164032,0.019750662,
0.1015128,-0.051322438,0.13407627,-0.13826585,-0.020954087,
-0.06357408,-0.08668354,0.04481155,0.1205139,-0.10524053,
0.16265556,0.037294675,-0.07633521,0.13844658,0.021048415,
0.14358258,0.12780601,-0.074369915,2.3710803e-05,0.0060211206,
0.056168284,0.021874025,-0.06762673,0.07244066,0.09397471,
0.040465206,-0.063425295,-0.032320082,0.08728735,-0.0007246571,
0.07808044,0.035068143,-0.04403412,0.101988144,-0.04751119,
-0.13851757,-0.026009876,-0.054300603,0.039845645,0.0710484,
0.059021022,-0.057539117,0.09079834,-0.09081302,0.01063564,
0.15748525,-0.106010854,0.031412393,-0.035769716,0.030241901,
-0.052490238,-0.027606769,0.03392274,-0.074303575,-0.060621493,
-0.08518701,-0.07917568,0.041469563,-0.060765527,-0.05960845,
0.08393404,0.052495282,-0.12030227,0.047657408,0.035883643,
0.020666432,0.030490879,-0.099760644,0.13062283,0.08039464,


0.07740737,0.045791358,-0.11067597,-0.20731543,-0.11971619,
-0.10218695,0.10985821,0.15722018,-0.09175341,0.02633736,
-0.028451102,-0.101503916,-0.092222996,-0.12023627,-0.19825801,
-0.015300123,-0.1245477,0.06917802,-0.026229009,-0.22455193,
0.017425224,-0.091918156,0.008817524,-0.04302748,0.04104863,
0.20865211,0.10401792,-0.03836108,0.15144438,-0.058953244,
-0.047465872,0.13188833,0.0511612,-0.13809244,0.0017677355,
-0.10100366,0.10794605,0.08464146,0.13449106,-0.062136456,
-0.024754148,-0.035187896,-0.12819336,-0.1390048,-0.035837483,
0.07997286,0.06382031,0.17040573,0.11741913,0.12108488,
-0.042188816,-0.03275827,-0.027829275,0.050423212,0.120454356,
0.07792322,0.077363655,-0.07066553,-0.05294938,-0.0050783483,
-0.025757883,0.107051104,-0.06279587,0.10178017,0.12951447,
0.06019445,-0.009556909,-0.121863104,0.0046837535,-0.0059279515,
0.09327225,-0.070995525,-0.0017385551,-0.001786842,-0.014390589,
0.12873977,0.13525797,-0.0035754472,0.115156785,-0.09093257,
0.05542905,0.17094569,0.034087148,0.11013335,-0.04990285,
0.006476762,-0.014905376,0.065080464,-0.03823139,0.06744509,
0.074318774,0.06514697,0.046845462,-0.10248945,-0.015589811,
0.04639476,0.04592004,0.0055745794,-0.017653052,-0.14274585,
-0.06396227,-0.06525275,-0.19865929,0.02023312,-0.12126934,
0.02371362,0.04465657,-0.009565703,-0.07553493,0.11083165,
-0.027350435,0.16427742,0.06525779,-0.05093561,0.1634147,
0.18289688,-0.0022613592,0.054856706,-0.15357818,-0.15562764,
0.120334536,0.12315687,0.15591595,-0.009094413,-0.09563448,
0.017905045,0.08487065,0.09535712,-0.014686372,-0.0042784936,
-0.06013038,0.1316844,0.15735292,-0.016366178,0.08669223,
0.11354665,-0.022682087,-0.0706539,0.05166514,-0.122224376,
-0.13804592,-0.023900006,-0.06748104,-0.05581385,0.11053016,
0.07187642,-0.008390538,0.13561068,-0.08383887,-0.03751318,
0.10231453,-0.090887934,0.098743446,0.061899755,0.08174663,
-0.05698174,0.14792496,0.14295195,-0.118341446,-0.07720119,


-0.041198656,-0.18021539,-0.01700805,0.12514092,-0.12163816,
-0.013962078,-0.07767321,-0.022330476,0.11454869,0.07601037,
0.039033283,-0.1388715,-0.1323814,0.012349164,-0.1137507,
-0.058718972,-0.13755837,0.026996821,-0.13163248,0.0075939693,
-0.110374235,-0.091709375,0.042812813,0.10471484,0.10690457,
0.09116168,0.068491444,0.011817758,-0.08908241,-0.12808569,
-0.036815755,-0.018705962,-0.03275578,0.12792616,0.071407,
-0.0677057,0.010920244,0.12036179,0.15182857,-0.06024933,
0.12347379,-0.09891637,-0.02891594,0.13242266,0.08834292,
-0.060090024,0.12100654,-0.009702617,0.032085363,-0.07121929,
-0.11665886,-0.029600207,0.06839133,0.022321101,-0.1137042,
0.0015141953,0.07955078,0.037148856,-0.12051268,0.097799204,
-0.05086869,0.009937119,-0.07912917,-0.10199237,-0.091269046,
-0.06960812,-0.194652,-0.13503228,0.10104773,-0.005727805,
-0.01856222,-0.11775444,0.050639827,0.1029456,0.009991483,
-0.014579342,-0.05338281,0.10174648,0.10401825,0.059433714,
-0.14242855,-0.081669375,-0.10401829,-0.12180824,-0.15073538,
0.044324804,0.046894684,-0.048117585,-0.08960153,0.1151215,
-0.103147,-0.026018675,-0.060194716,-0.019086279,-0.009522857,
-0.10660916,0.015471085,-0.03197398,0.030945353,0.09559626,
-0.20874962,-0.23168312,-0.12315983,-0.006761088,-0.089606725,
0.02318381,-0.0049745226,0.04221355,-0.05871941,0.037270177,
-0.02470036,0.0419377,0.02418914,-0.10554052,0.009496217,
-0.23349713,-0.057011418,-0.15241209,0.050159372,0.059032165,
-0.093063176,0.07237311,-0.13038644,-0.048481405,-0.050371163,
-0.047856636,0.07661362,0.018179644,-0.17213303,0.03577545,
0.012990295,-0.15147533,-0.03815772,-0.18565956,-0.079248056,
0.06841686,-0.13549058,-0.04647989,-0.09007995,0.11241402,
-0.03193803,0.13903718,0.016480736,-0.072037846,-0.09698653,
-0.009003744,0.15826276,-0.014493362,-0.02720292,-0.021097582,
0.03452961,0.01600674,-0.026061032,0.04453006,-0.12093858,
0.07955684,-0.02504334,-0.08130355,-0.12278404,-0.1446768,


0.02598463,0.13268788,0.030462863,-0.04652248,0.09581312,
-0.08392753,-0.10621836,-0.0645909,0.06771452,0.110320784,
-0.08894056,0.09811965,0.15242808,0.09040147,-0.035442594,
0.05708416,0.0913661,0.061311644,-0.05076877,0.036060788,
0.04885074,0.0504899,0.120195925,-0.08221118,-0.050511472,
0.07799236,-0.0393525,0.062666565,0.09864717,0.14348187,
-0.059741795,0.06962029,0.079656936,0.11183281,0.06101769,
-0.053908642,-0.07175763,-0.005871397,-0.07557012,-0.03389709,
-0.006863233,0.009725468,-0.19822983,-0.054139912,-0.08849797,
-0.037824895,0.004442085,-0.05028574,0.13006863,0.0956443,
-0.067863196,-0.0032081096,-0.10066795,-0.06772308,0.13467655,
0.08034596,-0.09386589,0.091371186,0.10987215,-0.043308433,
0.08375535,0.038663127,-0.08464063,0.11600937,0.07930103,
0.12368989,0.019557413,-0.0844868,0.08089033,-0.09746629,
-0.04687159,-0.091773175,-0.17215385,-0.11076928,-0.12458671,
0.099261925,0.0971215,-0.1378698,-0.021757208,0.09217526,
0.115580164,0.119370624,-0.08964613,0.072898924,0.054779857,
-0.14422026,-0.17877726,-0.0839703,-0.03150939,-0.10065216,
0.017328558,0.05689535,-0.10947858,0.06119472,-0.13054891,
0.11057435,-0.04033182,0.07089652,0.15933427,0.16218325,
0.1611684,-0.007952842,0.10478181,0.08267614,-0.052441627,
0.00072198856,-0.02347581,0.14514732,0.1034276,0.03457314,
0.016296005,0.05392651,0.14272538,0.15303755,0.12912482,
0.13161398,-0.06464702,0.06387896,-0.09293441,0.08695588,
-0.103423215,0.03187128,0.008933146,-0.037649218,-0.070740595,
0.11399365,0.0882047,0.16541974,0.12722328,0.0032433746,
0.14981362,0.015617461,0.092916116,-0.004987219,-0.054510415,
-0.12672952,-0.056090694,-0.0030714318,-0.0076480517,-0.087452635,
-0.0027854068,-0.15837362,-0.035792764,-0.17359684,-0.13324775,
-0.13265479,0.009728849,0.025248583,0.14906566,0.049541082,
-0.003186818,-0.090565845,-0.06509734,0.07241904,0.09172267,
0.14986838,-0.06485063,0.10215544,0.15463677,0.0182438,


0.05220762,-0.10882869,-0.10808192,0.14799497,0.039384946,
0.011994396,-0.07702485,-0.031462513,-0.07134944,-0.06322647,
-0.01769116,0.0504114,0.0010213519,-0.010861377,0.1639658,
-0.17716098,0.007959534,0.07813459,-0.10646205,0.08383297,
0.15747462,0.010694851,-0.0014298282,0.022641763,0.08430461,
-0.21561988,-0.07213538,-0.12636435,-0.07258564,-0.0561159,
-0.0637904,-0.15282644,-0.06865736,-0.019267805,0.09331421,
0.05336252,0.0066589364,-0.099115804,0.0071628606,-0.14098676,
-0.07030473,-0.09353994,-0.13429557,-0.0500576,0.05067103,
-0.11262055,-0.00155837,-0.19267036,-0.044182878,0.018741375,
-0.08360339,-0.083956964,0.069841094,-0.10019219,0.045266718,
0.14743732,0.075314336,-0.1273695,0.07991376,0.03468242,
0.013876861,0.028262159,-0.093189254,-0.13269721,0.078767285,
-0.06918601,-0.14212625,-0.1186329,-0.030378236,-0.08828708,
0.08308751,-0.080317624,-0.13076061,0.01760235,0.029201763,
0.05226599,-0.009872116,-0.035890512,0.05538473,0.05200875,
0.030724397,0.08939998,0.085818134,0.112325236,-0.055448465,
-0.09018903,0.011264214,0.018917788,-0.07405537,0.0248686,
0.020131478,0.1662047,-0.013356575,0.051135555,0.07255041,
-0.07951653,0.015681257,-0.11445167,0.13412747,0.03704509,
-0.120836645,-0.097969614,-0.017845608,-0.04314071,0.07826991,
0.014068578,-0.08165095,0.08856828,0.13802701,0.15272187,
-0.065955885,0.05046191,0.08538434,0.1454285,0.014688092,
-0.09887185,-0.1360456,-0.12434144,0.058165535,0.15790284,
-0.117409855,0.13781603,0.13053,0.06950928,-0.14238882,
-0.115997665,0.084933855,0.015593732,0.10509609,-0.07679044,
-0.15069528,-0.15796065,-0.1384033,-0.12246524,-0.0030851616,
0.089193635,0.10768229,0.04945061,0.044958517,0.09619513,
0.12724397,-0.11697448,0.061260927,-0.054316692,0.15107453,
-0.15452157,-0.016422806,-0.02019353,-0.044087376,0.090307534,
0.089413814,-0.10509282,-0.16536269,-0.035580635,-0.054690007,
-0.018118734,-0.10927993,-0.12498057,0.12260621,0.10546185,


-0.0145656215,-0.05455652,-0.036387976,-0.0060434407,-0.08484864,
-0.08912096,-0.05734582,-0.111906275,-0.057298165,0.002166674,
-0.089236215,0.1161671,-0.06661151,-0.045892943,-0.06242574,
0.0329738,-0.12078954,-0.03985141,0.06563582,0.11140069,
0.04869179,-0.13635845,-0.1436334,-0.10952178,-0.12199304,
-0.12244627,0.04187126,-0.1567664,0.06710976,0.07211374,
0.058906168,-0.07793843,0.104675,-0.030366726,0.054343287,
0.028038502,-0.11656389,0.041264128,0.06535786,0.052275266,
0.00047255238,-0.08473067,0.039094746,-0.015990535,-0.003780214,
-0.020900438,-0.1222177,0.016968252,-0.09031876,-0.0147100175,
-0.012575646,0.050506834,0.047624703,0.118430406,-0.00410054,
0.11133787,-0.12480875,-0.07902652,-0.08123602,0.010422917,
0.06401357,-0.054196887,0.052351184,0.04456611,-0.10116094,
-0.12330392,0.011291759,0.12856732,-0.011346234,-0.10489327,
0.08333655,-0.022986606,-0.12089921,-0.040768065,0.052723397,
0.10472492,0.09769018,-0.12281716,-0.12704372,-0.0008438298,
-0.012088922,-0.05101521,0.057554167,0.0028272178,-0.019406153,
0.06236015,-0.040506,-0.11480813,-0.06839899,0.034227103,
-0.10289732,-0.012143026,0.029107036,-0.114243075,-0.08346867,
-0.018861951,-0.12976035,0.0028626118,0.068851605,-0.023892798,
-0.055579945,-0.05496507,-0.13570511,0.054336157,-0.042352457,
0.07807937,-0.09343588,-0.15030576,0.008596522,0.066268116,
0.05020346,-0.05110234,0.036249336,-0.11968901,-0.03945019,
-0.046538636,-0.022587085,-0.08432569,-0.043850586,0.022685416,
-0.025092492,0.0080687385,0.037666462,-0.054071836,-0.059634168,
-0.10033051,0.014249179,0.08575131,0.016225046,0.039959665,
-0.009783867,-0.01603675,0.0795097,-0.014764685,-0.03235449,
-0.070899114,-0.018638708,0.05782749,-0.041805264,-0.011606075,
0.03635807,0.10226691,-0.11846913,-0.045588538,-0.07812474,
-0.035010785,0.06731463,0.10510427,0.038091883,-0.13710347,
0.099405736,-0.06854775,-0.03394292,0.07701076,0.08072813,
0.09362957,0.018180892,0.004536416,-0.0635204,0.101627015,


0.09179788,0.10582268,0.09515963,-0.12757358,-0.103784256,
-0.06224248,0.118373744,0.056725103,0.030153412,0.12562221,
0.058322873,0.11681007,0.026834913,-0.10063364,-0.17710863,
0.062095944,-0.08972649,-0.047551144,-0.08759889,-0.16196357,
0.111172736,-0.04295252,0.09008679,0.0629768,-0.05452924,
-0.094322585,-0.0044262204,0.10546347,-0.09689093,-0.0798957,
0.0010499654,-0.08555577,0.035501115,-0.15633273,0.07912475,
-0.065891296,-0.07283508,-0.030526677,0.06969249,0.058657654,
-0.11354462,0.017629154,-0.04892853,-0.12262554,-0.035105523,
-0.058135197,0.089022405,0.037987676,0.14653368,0.13274445,
0.10904788,0.116056226,-0.04908675,0.09971916,0.15503713,
-0.14366229,0.1152001,-0.035006393,-0.009712608,0.010070362,
0.08713232,0.10851485,-0.014901209,-0.006190439,-0.09249899,
-0.104766876,-0.11393026,-0.13856623,-0.17876059,-0.20454219,
-0.13502455,-0.085984886,0.0772443,0.048855476,-0.068828866,
0.11412489,-0.033405066,-0.08179727,0.0113785565,0.042536214,
0.13272148,0.085635826,0.1193338,-0.035148963,-0.12218478,
-0.10548372,-0.15741427,-0.1018746,-0.1632954,-0.14356545,
0.10684637,-0.107645094,0.009232911,0.08190435,-0.03159279,
0.074320026,0.00867644,-0.13309686,-0.104612336,-0.13307162,
0.010248618,-0.118021764,-0.15127562,-0.12375105,0.086572446,
0.09895456,0.15880385,0.08356591,0.01484144,0.08119295,
0.06500072,0.08706783,0.0675715,-0.047248065,0.075019374,
-0.07666404,0.12817074,0.07611148,-0.13902244,-0.15265977,
0.05672223,-0.079988055,-0.04706157,0.06564616,0.03598209,
-0.02264992,0.1276119,0.016289875,0.01759849,-0.069054864,
-0.017805591,0.041876223,-0.012082707,-0.032560483,-0.10982245,
-0.039600402,-0.14692587,0.01995073,-0.167776,0.07084175,
0.025820052,0.08999306,-0.070884086,0.0907947,-0.10221178,
-0.10798577,0.08904169,0.08659815,-0.036571532,0.02158221,
0.0897264,0.016693726,-0.10685608,-0.0632361,0.051356852,
-0.08444552,0.1513253,0.08166736,0.08173579,-0.07874154,


0.027442351,0.08366704,-0.052883055,-0.042351943,0.011885167,
-0.08759846,-0.02028057,0.10192655,0.002188072,0.08337128,
0.031621177,0.09455732,0.06614335,-0.00077338674,-0.076748505,
0.091872,0.035057258,0.09075192,0.024637341,-0.08191036,
0.07966761,0.0735235,0.027210541,0.17728734,0.045776777,
-0.1540313,0.05937599,0.05246559,0.025498033,-0.0615193,
-0.017797135,-0.13999113,-0.030007813,0.13770927,0.14013721,
-0.023501938,-0.06284184,0.08108716,-0.12742923,-0.009729777,
-0.07611972,0.056081746,-0.08559991,0.09845926,0.11287263,
-0.111932315,0.014199357,-0.020534653,-0.12879992,-0.040548414,
0.094361566,0.045855768,-0.016509904,0.063747965,0.05971252,
0.07748415,0.07677326,-0.04205657,0.09312557,-0.09982098,
0.11552191,-0.08431542,-0.042800106,-0.022038877,-0.103548184,
0.09372076,-0.1441825,-0.032825325,0.06065567,-0.04128325,
0.046073023,0.0487691,0.12334649,0.1245737,0.07250062,
0.113011114,0.086230054,0.13359444,0.03919543,-0.12216988,
0.11058872,0.07823564,0.010638729,-0.10768427,0.024115676,
0.03556038,0.16268493,-0.040372755,-0.014745082,-0.12990484,
0.11897841,-0.050026275,0.09958278,-0.01251599,-0.017925277,
-0.06273771,0.108466454,0.08011605,0.03969714,-0.12029224,
-0.04988393,-0.058052786,0.05813188,-0.00068554736,0.01622533,
-0.039502315,-0.13976397,0.077377476,0.1323655,0.09024221,
0.11046919,-0.010218329,0.11368995,0.16670586,0.02753655,
-0.15041469,-0.06514941,-0.071729414,0.078128405,0.09640126,
0.11176355,0.09339092,0.02174716,-0.0072025047,0.06489908,
-0.11521258,-0.038060576,0.10937426,0.072331235,0.018756777,
-0.06342525,-0.118242495,-0.025088383,0.09924394,0.06453961,
0.1502389,0.009089491,0.12967919,-0.017494,-0.012368783,
0.046131648,-0.11928764,0.040511668,-0.05397717,-0.099519186,
0.10467517,-0.016991504,0.059878726,-0.065140165,-0.067158185,
-0.048446104,0.032863125,-0.07350085,-0.026943542,-0.014422579,
-0.119423725,-0.06726015,-0.1256505,0.10615652,-0.023381626,


-0.05032265,-0.07408727,0.07521205,0.0073849955,-0.11038914,
-0.10858697,0.09862042,0.116353154,0.1005157,0.010436654,
0.06969396,0.06400147,-0.1317994,-0.10913014,0.02377577,
-0.04066971,0.014151092,0.046932988,-0.15077019,0.07149359,
0.14765482,0.13425313,0.0026346247,0.114078484,0.096936986,
-0.072411574,-0.056905854,0.10293686,0.05155052,0.012476293,
0.048403542,0.057939097,-0.10182107,0.021072324,-0.0771497,
-0.14557521,-0.12726034,-0.02642625,-0.15557636,0.030392488,
-0.079874545,0.0014485228,-0.1708116,0.06886529,-0.06835065,
0.11586409,-0.03738368,-0.1285711,0.030319734,0.009573319,
0.11278882,0.092865914,0.0031651338,-0.03934545,0.1521219,
0.10317962,-0.13381438,-0.032050457,0.03904163,-0.036353763,
0.113935955,-0.11892684,0.019108405,0.074664265,0.16222677,
-0.0131634055,0.036217123,0.08804138,-0.0063151163,0.06402737,
0.057533532,0.067219734,0.017810076,-0.09834447,-0.09471241,
-0.088257775,0.062216703,0.01104486,0.14497846,-0.000964533,
-0.017394328,0.113520876,-0.03539098,0.07217507,0.13826683,
-0.15608172,-0.17222898,0.05682738,-0.14765851,-0.14327149,
-0.055518612,-0.14571941,-0.0009816041,-0.08604024,-0.035166807,
-0.070135646,-0.143156,0.038182724,0.036595352,-0.07987318,
-0.013595102,0.00069239765,0.043352924,0.11120811,-0.14912021,
0.002460005,0.108495116,0.030140068,0.042235363,0.041775394,
0.11015197,0.07181599,-0.0665009,0.048836067,0.009599986,
0.004919076,-0.07000551,0.0035154873,-0.04958836,-0.1434887,
0.0072647296,-0.052251145,-0.07833936,0.029622326,-0.085896544,
0.14174125,0.060355015,-0.03933305,0.09577214,0.14944312,
-0.058728382,-0.083060525,0.15991461,0.014263701,0.1240398,
0.0486296,-0.15460289,0.048466567,-0.06702049,0.052868083,
-0.086839505,-0.050439965,-0.05581681,-0.13064578,-0.089056246,
-0.11434397,0.06974404,-0.08067835,-0.052100126,-0.09957411,
-0.10220042,0.013257204,0.011724517,0.108532585,-0.019535286,
0.10239344,0.06920237,0.041903194,-0.08737042,0.114194915,


-0.011016331,0.03717041,-0.13017926,0.039833076,-0.022405209,
0.1266419,-0.012612265,-0.0655276,-0.05993401,-0.026296308,
-0.055258404,0.025898352,-0.13871168,-0.025546951,-0.15814538,
0.047706526,-0.06724315,-0.032474916,-0.23656048,-0.2147872,
-0.039908234,0.12127463,0.15034185,0.08430742,-0.032878354,
-0.06068728,0.16124949,0.104729086,0.1745179,0.10254471,
0.01040889,0.0017704761,0.06375514,-0.15797336,-0.002731547,
-0.050420567,-0.119205594,-0.028405217,0.010489162,0.03746491,
-0.06440016,0.10182785,-0.07650095,0.085226975,0.100833,
-0.026791431,-0.070524395,0.030006003,0.11623292,0.12453408,
0.12573804,-0.01018468,0.017780093,0.121664576,0.00424078,
-0.035564758,0.0983639,0.05971292,-0.106751144,-0.00137917,
-0.090615615,-0.061670195,0.030916339,0.056702614,0.09079995,
0.04379767,-0.14164971,-0.09564393,-0.15175754,-0.17550887,
-0.101602405,-0.025992244,0.07229017,0.09939596,-0.03948847,
0.0912023,0.050177302,0.16512975,0.15744984,0.10972593,
0.025221318,0.074170575,-0.060961023,0.14460024,-0.02739726,
-0.0697972,0.0056863497,-0.05121812,-0.020935345,0.05897884,
0.06525871,-0.09053697,-0.05264491,-0.07902245,-0.10427011,
0.052692804,-0.060923655,0.080570735,-0.039613355,-0.23903948,
0.010251828,-0.15568072,-0.20142421,-0.060526125,-0.1530253,
0.11865805,0.048933014,-0.06946291,0.08173966,-0.00058402854,
0.07350841,0.17720956,0.113375045,0.03502255,-0.07089731,
-0.04723543,-0.019003654,-0.048389886,-0.16461852,0.0329933,
0.08782628,0.004552502,-0.059799332,0.044508174,0.13819571,
-0.07983581,0.10593097,0.04364317,0.17178017,-0.03321207,
-0.046851702,-0.06864193,0.14435646,0.010251402,0.15291934,
0.019604744,0.10577324,-0.14436226,-0.018260684,-0.10369805,
0.0015463626,-0.08125331,0.013832096,0.014021443,-0.032926716,
-0.04487304,0.039024692,0.0624128,-0.018537944,0.094898336,
0.12006685,0.09394429,-0.0155602535,-0.010551188,-0.08266325,
0.1389172,-0.0059909793,-0.09674557,-0.088113815,-0.05786453,


-0.004595291,-0.108284585,-0.17062841,-0.042219903,-0.1267552,
0.07656592,0.12655728,-0.06624257,-0.09790809,-0.13641095,
-0.07798152,0.05253752,-0.0434919,0.09459913,0.062332343,
-0.114590146,0.06584458,-0.07944954,-0.13641608,-0.08393375,
-0.15828963,-0.08708059,0.09501876,-0.0570648,-0.07602275,
0.025624236,0.14210123,-0.10853002,0.06546299,0.037265338,
-0.017015735,-0.16722548,-0.08525981,0.038637247,-0.13974772,
0.13766615,-0.083062425,0.01420269,0.10330742,-0.029370826,
0.028035717,0.09095486,0.13347615,0.15572159,0.014556965,
0.013015054,-0.015707279,0.09677416,-0.043389894,-0.13813338,
-0.07725764,0.050957,0.08336135,-0.07541754,-0.10729862,
0.11237415,-0.071790054,-0.03377457,0.11944023,-0.11529653,
0.15731014,-0.06463186,0.08198386,0.08433294,-0.009546208,
0.06737093,-0.014422751,0.043574784,0.009307507,-0.048433345,
-0.024812449,-0.07779146,0.15206021,0.02295884,0.009863107,
0.1312201,0.1642206,-0.002614308,-0.058328606,-0.03143814,
0.018051988,0.08138329,0.050292216,-0.10493231,-0.14025791,
-0.0023561073,0.028917916,-0.0067160553,-0.0874897,-0.044990994,
-0.071587965,-0.08005675,0.09523438,0.13963059,-0.1110359,
0.13176216,-0.09553132,-0.0996857,0.0032435185,-0.08836982,
0.002149622,-0.07937465,0.04102402,0.12432017,-0.03801564,
-0.17478186,0.053718574,0.05581237,-0.12089917,0.0011003645,
-0.07707864,-0.102618776,-0.11966305,0.027684022,-0.018926464,
-0.11798601,-0.18673496,-0.18843478,-0.06643369,-0.1711165,
-0.08428126,-0.13068137,0.04452588,-0.0711206,0.054451942,
0.031597055,0.0593838,0.036816906,-0.09307304,-0.14357038,
-0.061680473,0.046589233,-0.097104095,-0.035864856,-0.087621555,
-0.0128501635,-0.11418728,0.13386199,0.06818516,0.03438248,
0.069309585,-0.029876912,0.15927303,0.15122509,0.16019782,
0.17790887,0.18234697,-0.016146136,-0.032213222,0.055655427,
-0.075330555,-0.10398961,0.0383226,0.051697027,0.12722673,
-0.104119875,-0.0717531,-0.019407054,0.031537656,0.03796077,


-0.038904756,0.028391039,-0.031983946,-0.05206414,0.107780606,
0.050975762,0.15188861,-0.052474357,-0.03008213,0.17893231,
-0.086385354,-0.10767522,-0.10959849,-0.03910355,-0.05273755,
-0.05381228,0.0077352077,-0.09848415,-0.15662596,-0.13128585,
-0.05352125,-0.06825119,-0.07775886,-0.04884135,-0.05534275,
0.07960332,0.0134449545,0.13645035,-0.06331505,0.047708973,
0.120092906,0.040827543,-0.20099631,0.06569063,0.060884286,
0.053776998,-0.05571849,-0.070548676,0.04359801,-0.053801116,
-0.09428979,0.025784051,-0.02401956,0.060239766,-0.08626547,
0.0034733322,-0.024983888,0.060879864,-0.08486228,0.007892104,
0.015257644,-0.04659151,0.07685552,-0.03447652,0.13030593,
-0.07147041,0.04670356,-0.027362676,0.07798826,0.029907878,
-0.03324096,0.036442954,0.14295298,0.121801764,0.05720536,
-0.043634184,-0.10869432,-0.16948381,-0.015465948,0.007608109,
-0.1166922,-0.01229316,0.12182279,-0.010034596,0.11210699,
0.056206048,0.016155666,0.06627929,0.09132534,0.16288792,
0.124900974,0.11641569,0.12812522,0.14562736,9.851135e-05,
0.047971904,-0.09622145,-0.017553752,-0.020668363,0.10968472,
0.09556986,-0.12607431,-0.044605605,0.015537773,-0.0062324195,
0.11022995,-0.0814179,-0.11333496,-0.1931608,-0.19742794,
0.049059972,-0.06120578,-0.18412909,-0.12589712,0.08350799,
-0.010764236,0.13667597,0.11117983,0.14444156,-0.027071305,
0.114817955,0.05504154,-0.12425794,0.12822972,0.048122007,
0.042659223,-0.07550962,-0.039212734,-0.13847478,0.009260867,
0.0028989674,-0.08200681,-0.07533009,-0.061669413,0.04533964,
-0.036438297,-0.068144225,-0.02535998,0.062501684,-0.008100848,
0.14377004,-0.08156422,0.031023877,-0.0306093,-0.0054173283,
-0.11782961,0.09214755,-0.07025771,-0.11877485,-0.09971385,
-0.15259475,0.10676728,0.06610232,0.18735015,0.11306593,
0.05703279,0.07720738,-0.0421773,-0.053843852,0.10465689,
0.043062873,-0.059661638,0.004329382,-0.07965609,-0.01851919,
0.14436209,-0.09394694,0.15035698,-0.060470313,0.080442786,


0.12938866,-0.11912604,-0.18018618,-0.1861572,-0.061708067,
-0.08139817,-0.015392586,0.13633956,0.0339773,0.12247843,
0.08444181,0.092459776,-0.032239564,0.012434445,-0.1453433,
-0.004036647,-0.02638801,-0.00092549954,-0.19519319,-0.1372503,
-0.10779036,-0.2056138,-0.17220813,-0.1387504,-0.10351813,
0.17584907,0.2000144,-0.04836382,-0.04101033,0.1606988,
0.12427699,-0.03489026,0.025230447,-0.13269652,-0.08729599,
0.05976045,0.12226632,0.087038726,0.105144575,-0.06654972,
-0.071048394,-0.027112111,0.02255455,-0.027382685,0.05760273,
0.012425847,-0.05992363,0.107420065,-0.063213915,-0.0044092583,
0.0053873467,0.06922259,-0.008051156,0.05725554,0.09866256,
-0.056709874,-0.079848014,0.09021192,-0.093911275,0.12646915,
0.11104045,0.17994563,0.05205152,-0.022650111,0.08133876,
0.13487615,0.012958953,-0.17889902,-0.022933234,0.0144618945,
0.063891605,-0.05164371,0.02550822,0.14663218,0.1770707,
0.09693899,0.1062619,0.13196304,0.030142805,0.12999141,
-0.056994226,-0.032154936,-0.017696207,-0.00755905,-0.07361788,
-0.17441206,0.020253014,0.011931415,-0.09911133,-0.00539327,
-0.1802031,-0.09143149,0.033209383,0.067585446,0.051909555,
-0.036727615,0.14992557,0.039676134,-0.10038723,-0.056953013,
0.00093394704,0.0029270728,-0.07394302,0.039983146,-0.09986967,
-0.059354268,-0.06451402,-0.06239763,-0.08021754,-0.063653566,
-0.04380337,-0.15518352,0.044144444,0.07605743,-0.04346971,
0.06919202,0.104638435,0.007132772,-0.10529946,-0.19317076,
-0.1627219,-0.037828527,-0.07027871,0.11061895,0.16700937,
-0.07537293,-0.0030484025,0.10453089,0.1171791,-0.012551308,
0.017011084,-0.015991842,-0.01848795,0.034057513,-0.08914085,
-0.19368328,-0.06552319,-0.14968646,0.02584569,-0.0066145477,
0.13197896,0.06325756,0.10057994,0.05524707,-0.05280365,
0.15020287,0.037275124,0.11153923,0.10209463,0.05885231,
-0.109614335,0.13359219,0.032789245,-0.04050376,-0.037114907,
0.043212764,0.072157614,-0.046930343,0.023829646,0.043539632
